<?xml version="1.0" encoding="UTF-8" standalone="no"?>
<!-- Created with Inkscape (http://www.inkscape.org/) -->

<svg
   version="1.1"
   id="svg1"
   width="777.33331"
   height="777.33331"
   viewBox="0 0 777.33331 777.33331"
   xmlns="http://www.w3.org/2000/svg"
   xmlns:svg="http://www.w3.org/2000/svg">
  <defs
     id="defs1" />
  <g
     id="g1">
    <g
       id="g2"
       transform="translate(-380.99306)">
      <path
         style="fill:#a70002;fill-opacity:1"
         d="m 767.65972,745.75091 c -14.61293,-3.0285 -34.61938,-17.10201 -47.63783,-33.51076 -32.75718,-41.28791 -60.64117,-111.9187 -78.98203,-200.06325 -9.71313,-46.68051 -18.8229,-121.44569 -19.19138,-157.5065 -0.18876,-18.47273 -0.18876,-18.47273 5.27716,-23.33333 6.83025,-6.07385 24.81657,-15.19537 28.83395,-14.62275 1.65467,0.23584 3.72329,1.92881 4.59694,3.76215 1.86931,3.92268 5.0559,30.89884 7.08756,59.99999 9.76892,139.92781 51.53479,249.05731 105.87479,276.63888 9.50717,4.82559 10.85169,5.13889 22.05304,5.13889 10.70352,0 12.811,-0.4344 20.52048,-4.22976 15.46955,-7.61564 30.40899,-26.45956 47.45784,-59.86115 6.67045,-13.06854 8.80791,-16.09954 10.3007,-14.60675 0.93281,0.93282 -9.27955,41.44987 -16.19994,64.27246 -21.24298,70.05669 -53.75337,105.4321 -89.99128,97.92188 z M 626.97965,248.45478 c -0.85614,-1.38526 1.0222,-27.63537 3.4331,-47.97831 9.9481,-83.94086 41.27945,-148.395658 80.80049,-166.222612 6.30971,-2.846157 9.92139,-3.534612 19.11314,-3.643335 10.46893,-0.123829 11.96522,0.208646 19.61799,4.359098 13.28789,7.206648 30.45186,24.988666 50.71255,52.538634 5.88783,8.006128 20.00558,32.593275 21.7503,37.879815 1.90516,5.7727 -0.15777,9.39853 -5.96741,10.48843 -6.68602,1.2543 -12.19235,-1.99194 -24.21764,-14.27741 -19.22391,-19.63984 -23.86527,-23.884934 -26.97514,-24.6721 -5.33814,-1.351185 -13.99029,0.345287 -22.1803,4.34901 -25.98233,12.70158 -48.25279,49.80241 -61.5478,102.5338 -8.56044,33.95288 -9.83317,35.42842 -36.72634,42.57885 -14.22766,3.78289 -16.58307,4.0561 -17.81294,2.06613 z"
         id="path1" />
      <path
         d="m 774.35808,636.86688 c -0.69091,-1.81723 -2.20318,-9.216 -3.36061,-16.44171 -7.84421,-48.97062 -18.78009,-105.03512 -28.83055,-147.80431 -5.74922,-24.46549 -8.55874,-35.51893 -13.21718,-52 -5.5704,-19.70754 -16.96465,-44.82337 -29.51517,-65.05898 -17.49769,-28.21208 -45.58863,-58.21285 -80.54381,-86.01977 -20.4967,-16.30517 -24.24236,-19.74954 -22.91765,-21.07425 0.41537,-0.41538 13.25087,3.557 28.52333,8.8275 31.71275,10.94402 53.80982,17.99841 81.72698,26.09097 14.22655,4.12396 15.06202,5.33328 41.84368,60.56786 5.51137,11.36667 11.29738,22.03123 12.8578,23.69902 2.83713,3.03235 2.83713,3.03235 6.42172,0.42414 9.19631,-6.69138 56.38602,-56.72048 60.01114,-63.622 2.78681,-5.30555 -5.19977,-9.33619 -21.13213,-10.6649 -6.87763,-0.57357 -10.54791,-1.42125 -10.24054,-2.36512 0.51844,-1.59197 9.42178,-4.82204 24.40313,-8.85328 8.52232,-2.29323 27.68559,-8.96227 34.54299,-12.02137 1.46666,-0.65428 5.91832,-2.43747 9.89257,-3.96263 3.97426,-1.52517 9.67426,-3.86269 12.66667,-5.1945 33.85638,-15.06813 64.76831,-27.22448 66.02435,-25.96455 0.41236,0.41363 -1.05026,2.24035 -3.25026,4.05938 -2.2,1.81902 -6.85722,5.70749 -10.34938,8.64103 -7.79227,6.54579 -41.20006,43.03513 -58.43476,63.82479 -32.02464,38.6303 -34.65498,43.30073 -49.93618,88.66666 -9.70739,28.81874 -16.61203,55.77344 -22.67952,88.5375 -7.81122,42.18008 -20.11826,132.39512 -18.72844,137.28618 0.96525,3.3969 -1.03016,12.56246 -2.86833,13.17518 -0.90951,0.30317 -2.21894,-0.93561 -2.90985,-2.75284 z"
         style="fill:#02008a;fill-opacity:1"
         id="path1-3" />
      <path
         id="path2"
         style="opacity:1;fill:#02008a;stroke-width:1.06011"
         d="m 822.49206,218.04495 a 53.560844,53.560844 0 0 1 -53.56085,53.56085 53.560844,53.560844 0 0 1 -53.56084,-53.56085 53.560844,53.560844 0 0 1 53.56084,-53.56084 53.560844,53.560844 0 0 1 53.56085,53.56084 z" />
    </g>
  </g>
</svg>
